5.000000000000000000e+00 2.095680744844708787e+00
1.000000000000000000e+01 1.966730266580361874e+00
1.500000000000000000e+01 1.915185595310727074e+00
2.000000000000000000e+01 1.898515853526089536e+00
2.500000000000000000e+01 1.886177757754483597e+00
3.000000000000000000e+01 1.875856899898211028e+00
3.500000000000000000e+01 1.867207719109950315e+00
4.000000000000000000e+01 1.868255637889464804e+00
4.500000000000000000e+01 1.865706575206066642e+00
5.000000000000000000e+01 1.861424100360341782e+00
5.500000000000000000e+01 1.858052635994595914e+00
6.000000000000000000e+01 1.856546786111978875e+00
6.500000000000000000e+01 1.853187433969506026e+00
7.000000000000000000e+01 1.854422624041204948e+00
7.500000000000000000e+01 1.854213784661108644e+00
8.000000000000000000e+01 1.849970787187753984e+00
8.500000000000000000e+01 1.842489435676502918e+00
9.000000000000000000e+01 1.842179813646360076e+00
9.500000000000000000e+01 1.837980935976849084e+00
